0 83.000000 0.000000
1 0.000000 91.000000
2 -9.000000 -68.000000
3 17.000000 85.000000
4 -62.000000 48.000000
5 -94.000000 85.000000
6 90.000000 51.000000
7 8.000000 76.000000
8 89.000000 90.000000
9 -15.000000 12.000000
10 71.000000 2.000000
11 60.000000 -30.000000
12 91.000000 -24.000000
13 -73.000000 59.000000
14 17.000000 72.000000
15 3.000000 -77.000000
16 100.000000 27.000000
17 -92.000000 36.000000
18 96.000000 -31.000000
19 99.000000 86.000000
20 81.000000 39.000000
21 -39.000000 -33.000000
22 -63.000000 -34.000000
23 87.000000 5.000000
24 20.000000 86.000000
25 -77.000000 100.000000
26 -76.000000 -22.000000
27 37.000000 61.000000
28 -88.000000 94.000000
29 -1.000000 -31.000000
30 -76.000000 -64.000000
31 16.000000 48.000000
32 4.000000 -24.000000
33 11.000000 85.000000
34 -77.000000 -73.000000
35 83.000000 70.000000
36 8.000000 -77.000000
37 64.000000 42.000000
38 93.000000 26.000000
39 -34.000000 6.000000
40 -1.000000 26.000000
41 -24.000000 -101.000000
42 -59.000000 86.000000
43 -96.000000 -50.000000
44 16.000000 -37.000000
45 68.000000 101.000000
46 36.000000 33.000000
47 34.000000 -38.000000
48 65.000000 2.000000
49 -94.000000 5.000000
